  
 torch489:
  tin =  6.882481100000E+08 din =  2.126780700000E+09 ein =  1.655442881869E+18
  tout=  7.611152100000E+09 dout=  5.747661900000E+08 eout=  2.271194662326E+18
  enuc=  1.050E+18 sum = -1.197E-08 nbad=  401 nok= 2877
  
 top 20 mass fractions:
 fe54 = 1.402E-01 he4  = 1.088E-01 fe55 = 9.699E-02 co57 = 8.056E-02 ni58 = 7.929E-02
 fe56 = 7.460E-02 co56 = 5.705E-02 mn53 = 5.398E-02 ni59 = 4.814E-02 co55 = 3.182E-02
 ni60 = 2.679E-02 ni57 = 2.091E-02 cr50 = 1.790E-02 co58 = 1.745E-02 mn52 = 1.604E-02
 cr52 = 1.526E-02 mn54 = 1.452E-02 fe53 = 1.302E-02 cr51 = 1.236E-02 prot = 9.499E-03
 prot = 9.499E-03 neut = 6.704E-05 he4  = 1.088E-01 
  
 cpu time : 00 hrs  00 min  00 sec       0 usec


