  
 torch489:
  tin =  6.882481100000E+08 din =  2.126780700000E+09 ein =  1.655442881869E+18
  tout=  7.611152100000E+09 dout=  5.747661900000E+08 eout=  2.290381447335E+18
  enuc=  1.083E+18 sum = -2.333E-02 nbad=   29 nok=  253
  
 top 20 mass fractions:
 fe54 = 1.428E-01 he4  = 1.082E-01 fe55 = 1.000E-01 co57 = 8.316E-02 ni58 = 8.095E-02
 fe56 = 7.781E-02 co56 = 5.822E-02 mn53 = 5.562E-02 ni59 = 4.974E-02 co55 = 3.208E-02
 ni60 = 2.798E-02 ni57 = 2.111E-02 co58 = 1.823E-02 cr50 = 1.822E-02 mn52 = 1.634E-02
 cr52 = 1.590E-02 mn54 = 1.515E-02 fe53 = 1.312E-02 cr51 = 1.273E-02 prot = 9.335E-03
 prot = 9.335E-03 neut = 6.780E-05 he4  = 1.082E-01 
  
 cpu time : 00 hrs  00 min  00 sec       0 usec


