  
 torch489:
  tin =  9.868810400000E+07 din =  7.888815300000E+06 ein =  1.382835141818E+17
  tout=  3.865795200000E+09 dout=  6.210381900000E+06 eout=  8.910342394579E+17
  enuc=  1.283E+18 sum = -1.359E-10 nbad=  100 nok=  754
  
 top 20 mass fractions:
 ni56 = 7.390E-01 s32  = 5.048E-02 si28 = 4.648E-02 fe52 = 4.046E-02 co55 = 3.370E-02
 ca40 = 3.074E-02 ar36 = 2.180E-02 fe54 = 1.429E-02 ni57 = 1.111E-02 fe53 = 3.109E-03
 ni58 = 3.050E-03 cr48 = 2.120E-03 prot = 1.524E-03 mn51 = 9.124E-04 cr50 = 2.239E-04
 he4  = 2.161E-04 ti44 = 1.692E-04 co56 = 1.437E-04 co54 = 1.261E-04 cr49 = 1.216E-04
 prot = 1.524E-03 neut = 3.252E-12 he4  = 2.161E-04 
  
 cpu time : 00 hrs  00 min  00 sec       0 usec


