  
 torch489:
  tin =  6.882481100000E+08 din =  2.126780700000E+09 ein =  1.655442881869E+18
  tout=  7.611152100000E+09 dout=  5.747661900000E+08 eout=  2.271009223390E+18
  enuc=  1.049E+18 sum = -1.778E-04 nbad=   36 nok=  261
  
 top 20 mass fractions:
 fe54 = 1.399E-01 he4  = 1.090E-01 fe55 = 9.705E-02 co57 = 8.062E-02 ni58 = 7.919E-02
 fe56 = 7.472E-02 co56 = 5.703E-02 mn53 = 5.399E-02 ni59 = 4.820E-02 co55 = 3.173E-02
 ni60 = 2.685E-02 ni57 = 2.086E-02 cr50 = 1.789E-02 co58 = 1.751E-02 mn52 = 1.604E-02
 cr52 = 1.528E-02 mn54 = 1.456E-02 fe53 = 1.299E-02 cr51 = 1.237E-02 prot = 9.505E-03
 prot = 9.505E-03 neut = 6.713E-05 he4  = 1.090E-01 
  
 cpu time : 00 hrs  00 min  00 sec       0 usec


