  
 torch489:
  tin =  9.868810400000E+07 din =  7.888815300000E+06 ein =  1.382835141818E+17
  tout=  3.865795200000E+09 dout=  6.210381900000E+06 eout=  8.999096629268E+17
  enuc=  1.298E+18 sum = -1.720E-01 nbad=   27 nok=  199
  
 top 20 mass fractions:
 ni56 = 7.320E-01 fe54 = 9.659E-02 co55 = 8.411E-02 si28 = 5.160E-02 s32  = 4.829E-02
 fe52 = 3.870E-02 ni57 = 3.103E-02 ca40 = 2.967E-02 ni58 = 2.459E-02 ar36 = 1.937E-02
 fe53 = 8.089E-03 mn51 = 1.977E-03 cr48 = 1.679E-03 cr50 = 1.304E-03 co56 = 8.967E-04
 prot = 5.643E-04 cr49 = 2.661E-04 he4  = 2.466E-04 fe55 = 2.262E-04 co57 = 1.339E-04
 prot = 5.643E-04 neut = 1.632E-11 he4  = 2.466E-04 
  
 cpu time : 00 hrs  00 min  00 sec       0 usec


