  
 torch489:
  tin =  1.002631000000E+09 din =  2.051719800000E+09 ein =  1.638950756006E+18
  tout=  6.425199300000E+09 dout=  1.812497500000E+08 eout=  2.368705325770E+18
  enuc=  1.244E+18 sum = -7.183E-03 nbad=   24 nok=  144
  
 top 20 mass fractions:
 fe54 = 2.450E-01 ni58 = 1.345E-01 fe55 = 7.927E-02 co55 = 6.620E-02 co57 = 6.496E-02
 co56 = 5.776E-02 he4  = 5.216E-02 fe56 = 4.538E-02 ni57 = 4.065E-02 mn53 = 3.957E-02
 ni59 = 3.647E-02 ni56 = 1.978E-02 cr50 = 1.905E-02 fe53 = 1.802E-02 ni60 = 1.500E-02
 mn52 = 1.149E-02 mn51 = 7.807E-03 cr52 = 6.486E-03 prot = 6.191E-03 cr51 = 5.969E-03
 prot = 6.191E-03 neut = 5.416E-06 he4  = 5.216E-02 
  
 cpu time : 00 hrs  00 min  00 sec       0 usec


