  
 torch489:
  tin =  4.303629100000E+08 din =  8.495758100000E+08 ein =  1.163759569226E+18
  tout=  6.005209200000E+09 dout=  1.358977900000E+08 eout=  1.818574068082E+18
  enuc=  1.116E+18 sum = -2.941E-03 nbad=   35 nok=  251
  
 top 20 mass fractions:
 ni56 = 2.300E-01 co55 = 1.669E-01 fe54 = 1.622E-01 ni57 = 1.076E-01 ni58 = 1.028E-01
 fe53 = 3.513E-02 he4  = 3.269E-02 fe52 = 3.251E-02 co56 = 3.164E-02 prot = 1.393E-02
 mn51 = 1.304E-02 fe55 = 1.109E-02 co57 = 9.779E-03 cr50 = 8.499E-03 ni59 = 5.712E-03
 mn53 = 4.837E-03 mn52 = 4.587E-03 cu59 = 4.216E-03 ca40 = 3.530E-03 cr48 = 3.099E-03
 prot = 1.393E-02 neut = 4.223E-07 he4  = 3.269E-02 
  
 cpu time : 00 hrs  00 min  00 sec       0 usec


