  
 torch489:
  tin =  9.868810400000E+07 din =  7.888815300000E+06 ein =  1.382835141818E+17
  tout=  3.865795200000E+09 dout=  6.210381900000E+06 eout=  8.910257106223E+17
  enuc=  1.283E+18 sum = -2.355E-04 nbad=   30 nok=  218
  
 top 20 mass fractions:
 ni56 = 7.390E-01 s32  = 5.045E-02 si28 = 4.632E-02 fe52 = 4.050E-02 co55 = 3.398E-02
 ca40 = 3.067E-02 ar36 = 2.182E-02 fe54 = 1.447E-02 ni57 = 1.107E-02 fe53 = 3.113E-03
 ni58 = 3.014E-03 cr48 = 2.125E-03 prot = 1.543E-03 mn51 = 9.232E-04 cr50 = 2.277E-04
 he4  = 2.190E-04 ti44 = 1.694E-04 co56 = 1.471E-04 co54 = 1.261E-04 cr49 = 1.225E-04
 prot = 1.543E-03 neut = 3.201E-12 he4  = 2.190E-04 
  
 cpu time : 00 hrs  00 min  00 sec       0 usec


