  
 torch489:
  tin =  9.868810400000E+07 din =  7.888815300000E+06 ein =  1.382835141818E+17
  tout=  3.865795200000E+09 dout=  6.210381900000E+06 eout=  8.952943458150E+17
  enuc=  1.291E+18 sum = -8.833E-03 nbad=   17 nok=  224
  
 top 20 mass fractions:
 ni56 = 7.504E-01 s32  = 4.662E-02 si28 = 4.220E-02 fe52 = 4.055E-02 co55 = 3.684E-02
 ca40 = 2.919E-02 ar36 = 2.047E-02 fe54 = 1.673E-02 ni57 = 1.280E-02 ni58 = 3.616E-03
 fe53 = 3.485E-03 cr48 = 2.105E-03 prot = 1.484E-03 mn51 = 9.992E-04 cr50 = 2.683E-04
 he4  = 2.222E-04 co56 = 1.909E-04 ti44 = 1.644E-04 cr49 = 1.350E-04 co54 = 1.327E-04
 prot = 1.484E-03 neut = 3.400E-12 he4  = 2.222E-04 
  
 cpu time : 00 hrs  00 min  00 sec       0 usec


