  
 torch489:
  tin =  1.002631000000E+09 din =  2.051719800000E+09 ein =  1.638950756006E+18
  tout=  6.425199300000E+09 dout=  1.812497500000E+08 eout=  2.365157414267E+18
  enuc=  1.238E+18 sum = -1.378E-04 nbad=   27 nok=  155
  
 top 20 mass fractions:
 fe54 = 2.436E-01 ni58 = 1.337E-01 fe55 = 7.816E-02 co55 = 6.635E-02 co57 = 6.404E-02
 co56 = 5.741E-02 he4  = 5.228E-02 fe56 = 4.438E-02 ni57 = 4.073E-02 mn53 = 3.902E-02
 ni59 = 3.594E-02 ni56 = 1.999E-02 cr50 = 1.895E-02 fe53 = 1.807E-02 ni60 = 1.466E-02
 mn52 = 1.142E-02 mn51 = 7.828E-03 cr52 = 6.344E-03 prot = 6.252E-03 cr51 = 5.887E-03
 prot = 6.252E-03 neut = 5.371E-06 he4  = 5.228E-02 
  
 cpu time : 00 hrs  00 min  00 sec       0 usec


