  
 torch489:
  tin =  1.002631000000E+09 din =  2.051719800000E+09 ein =  1.638950756006E+18
  tout=  6.425199300000E+09 dout=  1.812497500000E+08 eout=  2.365018728483E+18
  enuc=  1.238E+18 sum = -7.746E-09 nbad=  201 nok=  751
  
 top 20 mass fractions:
 fe54 = 2.436E-01 ni58 = 1.336E-01 fe55 = 7.814E-02 co55 = 6.640E-02 co57 = 6.397E-02
 co56 = 5.744E-02 he4  = 5.226E-02 fe56 = 4.430E-02 ni57 = 4.074E-02 mn53 = 3.901E-02
 ni59 = 3.590E-02 ni56 = 2.000E-02 cr50 = 1.898E-02 fe53 = 1.809E-02 ni60 = 1.461E-02
 mn52 = 1.144E-02 mn51 = 7.849E-03 cr52 = 6.337E-03 prot = 6.262E-03 cr51 = 5.892E-03
 prot = 6.262E-03 neut = 5.364E-06 he4  = 5.226E-02 
  
 cpu time : 00 hrs  00 min  00 sec       0 usec


