  
 torch489:
  tin =  4.303629100000E+08 din =  8.495758100000E+08 ein =  1.163759569226E+18
  tout=  6.005209200000E+09 dout=  1.358977900000E+08 eout=  1.817345474796E+18
  enuc=  1.114E+18 sum = -2.808E-10 nbad=  246 nok= 1159
  
 top 20 mass fractions:
 ni56 = 2.287E-01 co55 = 1.663E-01 fe54 = 1.620E-01 ni57 = 1.071E-01 ni58 = 1.024E-01
 fe53 = 3.509E-02 he4  = 3.272E-02 fe52 = 3.241E-02 co56 = 3.160E-02 prot = 1.394E-02
 mn51 = 1.304E-02 fe55 = 1.110E-02 co57 = 9.773E-03 cr50 = 8.522E-03 ni59 = 5.700E-03
 mn53 = 4.848E-03 mn52 = 4.597E-03 cu59 = 4.194E-03 ca40 = 3.542E-03 cr48 = 3.098E-03
 prot = 1.394E-02 neut = 4.236E-07 he4  = 3.272E-02 
  
 cpu time : 00 hrs  00 min  00 sec       0 usec


