  
 torch489:
  tin =  4.303629100000E+08 din =  8.495758100000E+08 ein =  1.163759569226E+18
  tout=  6.005209200000E+09 dout=  1.358977900000E+08 eout=  1.817906284853E+18
  enuc=  1.115E+18 sum = -4.099E-04 nbad=   40 nok=  259
  
 top 20 mass fractions:
 ni56 = 2.300E-01 co55 = 1.663E-01 fe54 = 1.617E-01 ni57 = 1.072E-01 ni58 = 1.024E-01
 fe53 = 3.502E-02 he4  = 3.264E-02 fe52 = 3.243E-02 co56 = 3.151E-02 prot = 1.392E-02
 mn51 = 1.299E-02 fe55 = 1.104E-02 co57 = 9.732E-03 cr50 = 8.470E-03 ni59 = 5.683E-03
 mn53 = 4.821E-03 mn52 = 4.573E-03 cu59 = 4.198E-03 ca40 = 3.510E-03 cr48 = 3.086E-03
 prot = 1.392E-02 neut = 4.227E-07 he4  = 3.264E-02 
  
 cpu time : 00 hrs  00 min  00 sec       0 usec


