  
 torch489:
  tin =  9.868810400000E+07 din =  7.888815300000E+06 ein =  1.382835141818E+17
  tout=  3.865795200000E+09 dout=  6.210381900000E+06 eout=  8.910388232742E+17
  enuc=  1.283E+18 sum = -1.376E-05 nbad=   34 nok=  256
  
 top 20 mass fractions:
 ni56 = 7.390E-01 s32  = 5.048E-02 si28 = 4.648E-02 fe52 = 4.046E-02 co55 = 3.370E-02
 ca40 = 3.074E-02 ar36 = 2.180E-02 fe54 = 1.430E-02 ni57 = 1.110E-02 fe53 = 3.108E-03
 ni58 = 3.048E-03 cr48 = 2.121E-03 prot = 1.524E-03 mn51 = 9.125E-04 cr50 = 2.240E-04
 he4  = 2.162E-04 ti44 = 1.692E-04 co56 = 1.437E-04 co54 = 1.260E-04 cr49 = 1.215E-04
 prot = 1.524E-03 neut = 3.250E-12 he4  = 2.162E-04 
  
 cpu time : 00 hrs  00 min  00 sec       0 usec


