  
 torch489:
  tin =  1.002631000000E+09 din =  2.051719800000E+09 ein =  1.638950756006E+18
  tout=  6.425199300000E+09 dout=  1.812497500000E+08 eout=  2.365206164365E+18
  enuc=  1.238E+18 sum = -1.462E-04 nbad=   44 nok=  198
  
 top 20 mass fractions:
 fe54 = 2.436E-01 ni58 = 1.336E-01 fe55 = 7.819E-02 co55 = 6.633E-02 co57 = 6.404E-02
 co56 = 5.741E-02 he4  = 5.226E-02 fe56 = 4.440E-02 ni57 = 4.071E-02 mn53 = 3.904E-02
 ni59 = 3.594E-02 ni56 = 1.997E-02 cr50 = 1.896E-02 fe53 = 1.807E-02 ni60 = 1.466E-02
 mn52 = 1.142E-02 mn51 = 7.830E-03 cr52 = 6.348E-03 prot = 6.250E-03 cr51 = 5.891E-03
 prot = 6.250E-03 neut = 5.371E-06 he4  = 5.226E-02 
  
 cpu time : 00 hrs  00 min  00 sec       0 usec


