  
 torch489:
  tin =  6.882481100000E+08 din =  2.126780700000E+09 ein =  1.655442881869E+18
  tout=  7.611152100000E+09 dout=  5.747661900000E+08 eout=  2.271389231056E+18
  enuc=  1.050E+18 sum = -1.736E-04 nbad=   41 nok=  280
  
 top 20 mass fractions:
 fe54 = 1.401E-01 he4  = 1.088E-01 fe55 = 9.702E-02 co57 = 8.059E-02 ni58 = 7.928E-02
 fe56 = 7.465E-02 co56 = 5.704E-02 mn53 = 5.400E-02 ni59 = 4.816E-02 co55 = 3.180E-02
 ni60 = 2.681E-02 ni57 = 2.090E-02 cr50 = 1.790E-02 co58 = 1.747E-02 mn52 = 1.604E-02
 cr52 = 1.527E-02 mn54 = 1.454E-02 fe53 = 1.301E-02 cr51 = 1.236E-02 prot = 9.495E-03
 prot = 9.495E-03 neut = 6.706E-05 he4  = 1.088E-01 
  
 cpu time : 00 hrs  00 min  00 sec       0 usec


