  
 torch489:
  tin =  4.303629100000E+08 din =  8.495758100000E+08 ein =  1.163759569226E+18
  tout=  6.005209200000E+09 dout=  1.358977900000E+08 eout=  1.830956532977E+18
  enuc=  1.138E+18 sum = -5.828E-02 nbad=   25 nok=  243
  
 top 20 mass fractions:
 ni56 = 2.462E-01 co55 = 1.765E-01 fe54 = 1.701E-01 ni57 = 1.144E-01 ni58 = 1.088E-01
 fe53 = 3.700E-02 fe52 = 3.439E-02 co56 = 3.333E-02 he4  = 3.239E-02 prot = 1.390E-02
 mn51 = 1.366E-02 fe55 = 1.157E-02 co57 = 1.025E-02 cr50 = 8.836E-03 ni59 = 6.015E-03
 mn53 = 5.029E-03 mn52 = 4.792E-03 cu59 = 4.507E-03 ca40 = 3.599E-03 cr48 = 3.240E-03
 prot = 1.390E-02 neut = 4.214E-07 he4  = 3.239E-02 
  
 cpu time : 00 hrs  00 min  00 sec       0 usec


